20,  447.66, 0.05 124.4, 0.1
25,  446.68, 0.05 154.6, 0.1
30,  445.03, 0.05 183.7, 0.1
35,  442.96, 0.05 212.0, 0.1
40,  440.57, 0.05 239.5, 0.1
45,  437.94, 0.05 265.9, 0.1
50,  435.08, 0.05 291.2, 0.1
55,  432.14, 0.05 315.4, 0.1
60,  428.73, 0.05 338.4, 0.1
65,  425.51, 0.05 360.3, 0.1
70,  422.23, 0.05 381.2, 0.1
75,  418.96, 0.05 400.9, 0.1
80,  415.64, 0.05 419.6, 0.1
85,  412.34, 0.05 437.2, 0.1
90,  409.08, 0.05 453.8, 0.1
95,  405.87, 0.05 469.4, 0.1
100, 402.71, 0.05 484.1, 0.1


100, 400.57,  0.05 482.4,  0.1 2.1352,  0.1256 0.5652,  0.1256
120, 388.75,  0.05 532.8,  0.1 2.1352,  0.1256 0.5652,  0.1256
140, 378.32,  0.05 571.9,  0.1 2.2608,  0.1256 0.6908,  0.1256
160, 369.26,  0.05 602.1,  0.1 2.3236,  0.1256 0.7536,  0.1256
180, 361.48,  0.05 625.5,  0.1 2.3864,  0.1256 0.8164,  0.1256
200, 354.82,  0.05 643.7,  0.1 2.4492,  0.1256 0.8792,  0.1256
300, 332.83,  0.05 689.8,  0.1 2.6376,  0.1256 1.0676,  0.1256
400, 320.33,  0.05 702.4,  0.1 2.7632,  0.1256 1.1932,  0.1256
500, 311.3 ,  0.05 702.1,  0.1 2.826 ,  0.1256 1.256 ,  0.1256
600, 303.54,  0.05 695.5,  0.1 2.8888,  0.1256 1.3188,  0.1256
700, 296.25,  0.05 685.4,  0.1 2.9516,  0.1256 1.3816,  0.1256
800, 288.98,  0.05 672.8,  0.1 3.0144,  0.1256 1.4444,  0.1256
900, 281.78,  0.05 658.6,  0.1 3.0144,  0.1256 1.4444,  0.1256
1000 274.45,  0.05 643.2       3.0772,  0.1256 1.5072, 0.1256

1000 , 274.65, ± 0.05  643.2, ± 0.1 2.983, ± 0.314 1.413, ± 0.314
1200 , 259.69, ± 0.05  610.9, ± 0.1 3.14 , ± 0.314 1.57 , ± 0.314
1440 , 242.52, ± 0.05  570.7, ± 0.1 3.14 , ± 0.314 1.57 , ± 0.314
1728 , 222.73, ± 0.05  523.7, ± 0.1 3.14 , ± 0.314 1.57 , ± 0.314
2070 , 201.74, ± 0.05  472.9, ± 0.1 3.297, ± 0.314 1.727, ± 0.314
2480 , 179.95, ± 0.05  419.3, ± 0.1 3.297, ± 0.314 1.727, ± 0.314
2980 , 157.53, ± 0.05  364.6, ± 0.1 3.454, ± 0.314 1.884, ± 0.314
3580 , 136.33, ± 0.05  311.8, ± 0.1 3.454, ± 0.314 1.884, ± 0.314
4300 , 116.73, ± 0.05  262.6, ± 0.1 3.454, ± 0.314 1.884, ± 0.314
5160 , 99.14 , ± 0.05  218.0, ± 0.1 3.611, ± 0.314 2.041, ± 0.314
6190 , 83.6  , ± 0.05  178.2, ± 0.1 3.768, ± 0.314 2.198, ± 0.314
7430 , 70.04 , ± 0.05  143.2, ± 0.1 3.925, ± 0.314 2.355, ± 0.314
8920 , 58.18 , ± 0.05  112.7, ± 0.1 4.082, ± 0.314 2.512, ± 0.314
10700, 47.9  , ± 0.05  87.1 , ± 0.1 4.396, ± 0.314 2.826, ± 0.314
12840, 38.578, ± 0.005 65.3 , ± 0.1 4.396, ± 0.314 2.826, ± 0.314
15410, 30.735, ± 0.005 48.6 , ± 0.1 4.867, ± 0.314 3.297, ± 0.314
18490, 23.64 , ± 0.005 36.0 , ± 0.1 5.338, ± 0.314 3.768, ± 0.314
22190, 17.046, ± 0.005 27.2 , ± 0.1 5.809, ± 0.314 4.239, ± 0.314
26630, 10.724, ± 0.005 20.7 , ± 0.1 5.966, ± 0.314 4.396, ± 0.314

50   , 9.88, ± 0.05
150  , 7.25, ± 0.05
250  , 5.36, ± 0.05
400  , 4.08, ± 0.05
500  , 3.69, ± 0.05
600  , 3.46, ± 0.05
800  , 3.21, ± 0.05
1500 , 2.97, ± 0.05
4000 , 2.89, ± 0.05
7500 , 2.92, ± 0.01
12000, 3.05, ± 0.01
16200, 3.31, ± 0.01
20000, 3.71, ± 0.01
